0.00
0.00
0.00
0.01
0.03
0.05
0.08
0.12
0.16
0.20
0.25
0.29
0.34
0.39
0.43
0.47
0.51
0.54
0.56
0.56
0.55
0.52
0.48
0.43
0.36
0.29
0.21
0.12
0.02
-0.08
-0.20
-0.31
-0.42
-0.53
-0.62
-0.71
-0.78
-0.84
-0.89
-0.92
-0.94
-0.95
-0.95
-0.92
-0.88
-0.82
-0.74
-0.65
-0.55
-0.44
-0.33
-0.21
-0.09
0.03
0.15
0.28
0.40
0.52
0.62
0.72
0.80
0.86
0.91
0.95
0.97
0.98
0.98
0.96
0.93
0.88
0.81
0.72
0.63
0.53
0.42
0.30
0.19
0.07
-0.05
-0.18
-0.30
-0.42
-0.53
-0.63
-0.72
-0.80
-0.86
-0.91
-0.95
-0.97
-0.98
-0.97
-0.95
-0.92
-0.87
-0.80
-0.72
-0.62
-0.52
-0.41
-0.30
-0.18
-0.06
0.06
0.18
0.30
0.42
0.53
0.63
0.72
0.80
0.86
0.91
0.94
0.97
0.98
0.97
0.95
0.92
0.87
0.80
0.72
0.62
0.52
0.41
0.30
0.18
0.06
-0.06
-0.18
-0.30
-0.42
-0.53
-0.63
-0.72
-0.80
-0.86
-0.91
-0.94
-0.97
-0.98
-0.97
-0.95
-0.92
-0.87
-0.80
-0.72
-0.62
-0.52
-0.41
-0.30
-0.18
-0.06
0.06
0.18
0.30
0.42
0.53
0.63
0.72
0.80
0.86
0.91
0.94
0.97
0.98
0.97
0.95
0.92
0.87
0.80
0.72
0.62
0.52
0.41
0.30
0.18
0.06
-0.06
-0.18
-0.30
-0.42
-0.53
-0.63
-0.72
-0.80
-0.86
-0.91
-0.94
-0.97
-0.98
-0.97
-0.95
-0.92
-0.87
-0.80
-0.72
-0.62
-0.52
-0.41
-0.30
-0.18
-0.06
0.06
0.18
0.30
0.42
0.53
0.63
0.72
0.80
0.86
0.91
0.94
0.97
0.98
0.97
0.95
0.92
0.87
0.80
0.72
0.62
0.52
0.41
0.30
0.18
0.06
-0.06
-0.18
-0.30
-0.42
-0.53
-0.63
-0.72
-0.80
-0.86
-0.91
-0.94
-0.97
-0.98
-0.97
-0.95
-0.92
-0.87
-0.80
-0.72
-0.62
-0.52
-0.41
-0.30
-0.18
-0.06
0.06
0.18
0.30
0.42
0.53
0.63
0.72
0.80
0.86
0.91
0.94
0.97
0.98
0.97
0.95
0.92
0.87
0.80
0.72
0.62
0.52
0.41
0.30
0.18
0.06
-0.06
-0.18
-0.30
-0.42
-0.53
-0.63
-0.72
-0.80
-0.86
-0.91
-0.94
-0.97
-0.98
-0.97
-0.95
-0.92
-0.87
-0.80
-0.72
-0.62
-0.52
-0.41
-0.30
-0.18
-0.06
0.06
0.18
0.30
0.42
0.53
0.63
0.72
0.80
0.86
0.91
0.94
0.97
0.98
0.97
0.95
0.92
0.87
0.80
0.71
0.62
0.52
0.41
0.30
0.18
0.06
-0.06
-0.18
-0.30
-0.42
-0.53
-0.63
-0.72
-0.80
-0.86
-0.91
-0.94
-0.97
-0.98
-0.97
-0.95
-0.92
-0.87
-0.80
-0.71
-0.62
-0.52
-0.41
-0.30
-0.18
-0.06
0.06
0.18
0.30
0.42
0.53
0.63
0.72
0.80
0.86
0.91
0.94
0.97
0.98
0.97
0.95
0.92
0.87
0.80
0.71
0.62
0.52
0.41
0.30
0.18
0.06
-0.06
-0.18
-0.30
-0.42
-0.53
-0.63
-0.72
-0.80
-0.86
-0.91
-0.94
-0.97
-0.98
-0.97
-0.95
-0.92
-0.87
-0.80
-0.71
-0.62
-0.52
-0.41
-0.29
-0.18
-0.06
0.06
0.18
0.30
0.42
0.53
0.63
0.72
0.80
0.86
0.91
0.94
0.97
0.98
0.97
0.95
0.92
0.87
0.80
0.71
0.62
0.52
0.41
0.29
0.18
0.06
-0.06
-0.18
-0.30
-0.42
-0.53
-0.63
-0.72
-0.80
-0.86
-0.91
-0.94
-0.97
-0.98
-0.97
-0.95
-0.92
-0.87
-0.80
-0.71
-0.62
-0.52
-0.41
-0.29
-0.18
-0.06
0.06
0.18
0.30
0.42
0.53
0.64
0.73
0.80
0.86
0.91
0.95
0.97
0.98
0.97
0.95
0.92
0.86
0.80
0.71
0.62
0.52
0.41
0.29
0.18
0.06
-0.06
-0.18
-0.30
-0.42
-0.53
-0.64
-0.73
-0.80
-0.86
-0.91
-0.95
-0.97
-0.98
-0.97
-0.95
-0.92
-0.86
-0.80
-0.71
-0.62
-0.52
-0.41
-0.29
-0.18
-0.06
0.06
0.18
0.30
0.42
0.53
0.64
0.73
0.80
0.86
0.91
0.95
0.97
0.98
0.97
0.95
0.92
0.86
0.80
0.71
0.62
0.52
0.41
0.29
0.18
0.06
-0.06
-0.18
-0.30
-0.42
-0.53
-0.64
-0.73
-0.80
-0.86
-0.91
-0.95
-0.97
-0.98
-0.97
-0.95
-0.92
-0.86
-0.80
-0.71
-0.62
-0.51
-0.41
-0.29
-0.18
-0.06
0.06
0.18
0.30
0.42
0.53
0.64
0.73
0.80
0.86
0.91
0.95
0.97
0.98
0.97
0.95
0.92
0.86
0.80
0.71
0.62
0.51
0.41
0.29
0.18
0.06
-0.06
-0.18
-0.30
-0.42
-0.53
-0.64
-0.73
-0.80
-0.86
-0.91
-0.95
-0.97
-0.98
-0.97
-0.95
-0.92
-0.86
-0.80
-0.71
-0.62
-0.51
-0.41
-0.29
-0.18
-0.06
0.06
0.18
0.30
0.42
0.53
0.64
0.73
0.80
0.86
0.91
0.95
0.97
0.98
0.97
0.95
0.92
0.86
0.80
0.71
0.62
0.51
0.41
0.29
0.18
0.06
-0.06
-0.18
-0.30
-0.42
-0.53
-0.64
-0.73
-0.80
-0.86
-0.91
-0.95
-0.97
-0.98
-0.97
-0.95
-0.92
-0.86
-0.80
-0.71
-0.62
-0.51
-0.40
-0.29
-0.18
-0.06
0.06
0.18
0.30
0.42
0.53
0.64
0.73
0.80
0.86
0.91
0.95
0.97
0.98
0.97
0.95
0.92
0.86
0.79
0.71
0.62
0.51
0.40
0.29
0.18
0.06
-0.06
-0.18
-0.30
-0.42
-0.53
-0.64
-0.73
-0.80
-0.86
-0.91
-0.95
-0.97
-0.98
-0.97
-0.95
-0.92
-0.86
-0.79
-0.71
-0.62
-0.51
-0.40
-0.29
-0.18
-0.06
0.06
0.18
0.31
0.42
0.54
0.64
0.73
0.80
0.86
0.91
0.95
0.97
0.98
0.97
0.95
0.92
0.86
0.79
0.71
0.62
0.51
0.40
0.29
0.18
0.06
-0.06
-0.18
-0.31
-0.42
-0.54
-0.64
-0.73
-0.80
-0.86
-0.91
-0.95
-0.97
-0.98
-0.97
-0.95
-0.92
-0.86
-0.79
-0.71
-0.62
-0.51
-0.40
-0.29
-0.18
-0.06
0.06
0.18
0.31
0.42
0.54
0.64
0.73
0.80
0.86
0.91
0.95
0.97
0.98
0.97
0.95
0.92
0.86
0.79
0.71
0.62
0.51
0.40
0.29
0.18
0.06
-0.06
-0.18
-0.31
-0.42
-0.54
-0.64
-0.73
-0.80
-0.86
-0.91
-0.94
-0.96
-0.97
-0.97
-0.95
-0.92
-0.87
-0.81
-0.73
-0.64
-0.54
-0.44
-0.33
-0.21
-0.10
0.01
0.13
0.24
0.36
0.47
0.57
0.67
0.75
0.82
0.88
0.92
0.95
0.96
0.97
0.96
0.94
0.90
0.85
0.78
0.70
0.60
0.50
0.39
0.28
0.17
0.05
-0.07
-0.19
-0.31
-0.42
-0.54
-0.64
-0.73
-0.80
-0.86
-0.91
-0.94
-0.96
-0.97
-0.97
-0.95
-0.91
-0.86
-0.79
-0.71
-0.61
-0.51
-0.40
-0.29
-0.17
-0.06
0.06
0.18
0.31
0.42
0.54
0.64
0.73
0.80
0.86
0.91
0.95
0.97
0.98
0.97
0.95
0.92
0.86
0.79
0.71
0.62
0.51
0.40
0.29
0.17
0.06
-0.06
-0.19
-0.31
-0.43
-0.54
-0.64
-0.73
-0.80
-0.87
-0.91
-0.95
-0.97
-0.98
-0.97
-0.95
-0.92
-0.86
-0.79
-0.71
-0.61
-0.51
-0.40
-0.29
-0.17
-0.06
0.06
0.19
0.31
0.43
0.54
0.64
0.73
0.80
0.87
0.91
0.95
0.97
0.98
0.97
0.95
0.92
0.86
0.79
0.71
0.61
0.51
0.40
0.29
0.17
0.06
-0.06
-0.19
-0.31
-0.43
-0.54
-0.64
-0.73
-0.80
-0.87
-0.91
-0.95
-0.97
-0.98
-0.97
-0.95
-0.92
-0.86
-0.79
-0.71
-0.61
-0.51
-0.40
-0.29
-0.17
-0.06
0.07
0.19
0.31
0.43
0.54
0.64
0.73
0.80
0.87
0.91
0.95
0.97
0.98
0.97
0.95
0.91
0.86
0.79
0.71
0.61
0.51
0.40
0.29
0.17
0.05
-0.07
-0.19
-0.31
-0.43
-0.54
-0.64
-0.73
-0.80
-0.87
-0.91
-0.95
-0.97
-0.98
-0.97
-0.95
-0.91
-0.86
-0.79
-0.71
-0.61
-0.51
-0.40
-0.29
-0.17
-0.05
0.07
0.19
0.31
0.43
0.54
0.64
0.73
0.81
0.87
0.91
0.95
0.97
0.98
0.97
0.95
0.91
0.86
0.79
0.71
0.61
0.51
0.40
0.29
0.17
0.05
-0.07
-0.19
-0.31
-0.43
-0.54
-0.64
-0.73
-0.81
-0.87
-0.91
-0.95
-0.97
-0.98
-0.97
-0.95
-0.91
-0.86
-0.79
-0.71
-0.61
-0.51
-0.40
-0.29
-0.17
-0.05
0.07
0.19
0.31
0.43
0.54
0.64
0.73
0.81
0.87
0.91
0.95
0.97
0.98
0.97
0.95
0.91
0.86
0.79
0.71
0.61
0.51
0.40
0.29
0.17
0.05
-0.07
-0.19
-0.31
-0.43
-0.54
-0.64
-0.73
-0.81
-0.87
-0.91
-0.95
-0.97
-0.98
-0.97
-0.95
-0.91
-0.86
-0.79
-0.71
-0.61
-0.51
-0.40
-0.29
-0.17
-0.05
0.07
0.19
0.31
0.43
0.54
0.64
0.73
0.81
0.87
0.91
0.95
0.97
0.98
0.97
0.95
0.91
0.86
0.79
0.71
0.61
0.51
0.40
0.29
0.17
0.05
-0.07
-0.19
-0.31
-0.43
-0.54
-0.64
-0.73
-0.81
-0.87
-0.91
-0.95
-0.97
-0.98
-0.97
-0.95
-0.91
-0.86
-0.79
-0.71
-0.61
-0.51
-0.40
-0.29
-0.17
-0.05
0.07
0.19
0.31
0.43
0.54
0.64
0.73
0.81
0.87
0.91
0.95
0.97
0.98
0.97
0.95
0.91
0.86
0.79
0.71
0.61
0.51
0.40
0.29
0.17
0.05
-0.07
-0.19
-0.31
-0.43
-0.54
-0.64
-0.73
-0.81
-0.87
-0.91
-0.95
-0.97
-0.98
-0.97
-0.95
-0.91
-0.86
-0.79
-0.71
-0.61
-0.51
-0.40
-0.29
-0.17
-0.05
0.07
0.19
0.31
0.43
0.54
0.64
0.73
0.81
0.87
0.91
0.95
0.97
0.98
0.97
0.95
0.91
0.86
0.79
0.71
0.61
0.51
0.40
0.29
0.17
0.05
-0.07
-0.19
-0.31
-0.43
-0.54
-0.64
-0.73
-0.81
-0.87
-0.91
-0.95
-0.97
-0.98
-0.97
-0.95
-0.91
-0.86
-0.79
-0.71
-0.61
-0.51
-0.40
-0.29
-0.17
-0.05
0.07
0.19
0.31
0.43
0.54
0.64
0.73
0.81
0.87
0.91
0.95
0.97
0.98
0.97
0.95
0.91
0.86
0.79
0.71
0.61
0.51
0.40
0.28
0.17
0.05
-0.07
-0.19
-0.31
-0.43
-0.54
-0.64
-0.73
-0.81
-0.87
-0.91
-0.95
-0.97
-0.98
-0.97
-0.95
-0.91
-0.86
-0.79
-0.71
-0.61
-0.51
-0.40
-0.28
-0.17
-0.05
0.07
0.19
0.31
0.43
0.54
0.64
0.73
0.81
0.87
0.91
0.95
0.97
0.98
0.97
0.95
0.91
0.86
0.79
0.71
0.61
0.51
0.40
0.28
0.17
0.05
-0.07
-0.19
-0.31
-0.43
-0.54
-0.64
-0.73
-0.81
-0.87
-0.91
-0.95
-0.97
-0.98
-0.97
-0.95
-0.91
-0.86
-0.79
-0.71
-0.61
-0.51
-0.40
-0.28
-0.17
-0.05
0.07
0.19
0.31
0.43
0.54
0.64
0.73
0.81
0.87
0.91
0.95
0.97
0.98
0.97
0.95
0.91
0.86
0.79
0.71
0.61
0.51
0.40
0.28
0.17
0.05
-0.07
-0.19
-0.31
-0.43
-0.54
-0.64
-0.73
-0.81
-0.87
-0.91
-0.95
-0.97
-0.98
-0.97
-0.95
-0.91
-0.86
-0.79
-0.71
-0.61
-0.51
-0.40
-0.28
-0.17
-0.05
0.07
0.19
0.31
0.43
0.54
0.64
0.73
0.81
0.87
0.91
0.95
0.97
0.98
0.97
0.95
0.91
0.86
0.79
0.70
0.61
0.51
0.40
0.28
0.17
0.05
-0.07
-0.19
-0.31
-0.43
-0.54
-0.64
-0.73
-0.81
-0.87
-0.91
-0.95
-0.97
-0.98
-0.97
-0.95
-0.91
-0.86
-0.79
-0.70
-0.61
-0.51
-0.40
-0.28
-0.17
-0.05
0.07
0.19
0.31
0.43
0.54
0.64
0.73
0.81
0.87
0.91
0.95
0.97
0.98
0.97
0.95
0.91
0.86
0.79
0.70
0.61
0.51
0.40
0.28
0.17
0.05
-0.07
-0.19
-0.31
-0.43
-0.54
-0.64
-0.73
-0.81
-0.87
-0.91
-0.95
-0.97
-0.98
-0.97
-0.95
-0.91
-0.86
-0.79
-0.70
-0.61
-0.50
-0.40
-0.28
-0.17
-0.05
0.07
0.19
0.31
0.43
0.54
0.65
0.73
0.81
0.87
0.91
0.95
0.97
0.98
0.97
0.95
0.91
0.86
0.79
0.70
0.61
0.50
0.40
0.28
0.17
0.05
-0.07
-0.19
-0.32
-0.43
-0.54
-0.65
-0.73
-0.81
-0.87
-0.91
-0.95
-0.97
-0.98
-0.97
-0.95
-0.91
-0.86
-0.79
-0.70
-0.61
-0.50
-0.39
-0.28
-0.17
-0.05
0.07
0.19
0.32
0.43
0.54
0.65
0.73
0.81
0.87
0.91
0.95
0.97
0.98
0.97
0.95
0.91
0.86
0.79
0.70
0.61
0.50
0.39
0.28
0.17
0.05
-0.07
-0.19
-0.32
-0.43
-0.54
-0.65
-0.73
-0.81
-0.87
-0.92
-0.95
-0.97
-0.98
-0.97
-0.95
-0.91
-0.86
-0.79
-0.70
-0.61
-0.50
-0.39
-0.28
-0.17
-0.05
0.07
0.19
0.32
0.43
0.54
0.65
0.73
0.81
0.87
0.92
0.95
0.97
0.98
0.97
0.95
0.91
0.86
0.79
0.70
0.61
0.50
0.39
0.28
0.17
0.05
-0.07
-0.20
-0.32
-0.43
-0.55
-0.65
-0.73
-0.81
-0.87
-0.92
-0.95
-0.97
-0.98
-0.97
-0.95
-0.91
-0.86
-0.79
-0.70
-0.61
-0.50
-0.39
-0.28
-0.16
-0.05
0.07
0.20
0.32
0.43
0.55
0.65
0.74
0.81
0.87
0.92
0.95
0.97
0.98
0.97
0.95
0.91
0.86
0.79
0.70
0.61
0.50
0.39
0.28
0.16
0.05
-0.07
-0.20
-0.32
-0.43
-0.55
-0.65
-0.74
-0.81
-0.87
-0.92
-0.95
-0.97
-0.98
-0.97
-0.95
-0.91
-0.86
-0.79
-0.70
-0.61
-0.50
-0.39
-0.28
-0.16
-0.05
0.07
0.20
0.32
0.43
0.55
0.65
0.74
0.81
0.87
0.92
0.95
0.97
0.98
0.97
0.95
0.91
0.86
0.79
0.70
0.61
0.50
0.39
0.28
0.16
0.05
-0.07
-0.20
-0.32
-0.44
-0.55
-0.65
-0.74
-0.81
-0.87
-0.92
-0.95
-0.97
-0.98
-0.97
-0.95
-0.91
-0.86
-0.79
-0.70
-0.61
-0.50
-0.39
-0.28
-0.16
-0.05
0.07
0.20
0.32
0.44
0.55
0.65
0.74
0.81
0.87
0.92
0.95
0.97
0.98
0.97
0.95
0.91
0.86
0.79
0.70
0.61
0.50
0.39
0.28
0.16
0.05
-0.08
-0.20
-0.32
-0.44
-0.55
-0.65
-0.74
-0.81
-0.87
-0.92
-0.95
-0.97
-0.98
-0.97
-0.95
-0.91
-0.86
-0.79
-0.70
-0.61
-0.50
-0.39
-0.28
-0.16
-0.04
0.08
0.20
0.32
0.44
0.55
0.65
0.74
0.81
0.87
0.92
0.95
0.97
0.98
0.97
0.95
0.91
0.86
0.79
0.70
0.61
0.50
0.39
0.28
0.16
0.04
-0.08
-0.20
-0.32
-0.44
-0.55
-0.65
-0.74
-0.81
-0.87
-0.92
-0.95
-0.97
-0.98
-0.97
-0.95
-0.91
-0.86
-0.79
-0.70
-0.61
-0.50
-0.39
-0.28
-0.16
-0.04
0.08
0.20
0.32
0.44
0.55
0.65
0.74
0.81
0.87
0.92
0.95
0.97
0.98
0.97
0.95
0.91
0.86
0.79
0.70
0.60
0.50
0.39
0.28
0.16
0.04
-0.08
-0.20
-0.32
-0.44
-0.55
-0.65
-0.74
-0.81
-0.87
-0.92
-0.95
-0.97
-0.98
-0.97
-0.95
-0.91
-0.86
-0.79
-0.70
-0.60
-0.50
-0.39
-0.28
-0.16
-0.04
0.08
0.20
0.32
0.44
0.55
0.65
0.74
0.81
0.87
0.92
0.95
0.97
0.98
0.97
0.95
0.91
0.86
0.79
0.70
0.60
0.50
0.39
0.28
0.16
0.04
-0.08
-0.20
-0.32
-0.44
-0.55
-0.65
-0.74
-0.81
-0.87
-0.92
-0.95
-0.97
-0.98
-0.97
-0.95
-0.91
-0.86
-0.78
-0.70
-0.60
-0.50
-0.39
-0.28
-0.16
-0.04
0.08
0.20
0.32
0.44
0.55
0.65
0.74
0.81
0.87
0.92
0.95
0.97
0.98
0.97
0.95
0.91
0.86
0.78
0.70
0.60
0.50
0.39
0.28
0.16
0.04
-0.08
-0.20
-0.32
-0.44
-0.55
-0.65
-0.74
-0.81
-0.87
-0.92
-0.95
-0.97
-0.98
-0.97
-0.95
-0.91
-0.86
-0.78
-0.70
-0.60
-0.50
-0.39
-0.28
-0.16
-0.04
0.08
0.20
0.32
0.44
0.55
0.65
0.74
0.81
0.87
0.92
0.95
0.97
0.98
0.97
0.95
0.91
0.86
0.78
0.70
0.60
0.50
0.39
0.28
0.16
0.04
-0.08
-0.20
-0.32
-0.44
-0.55
-0.65
-0.74
-0.81
-0.87
-0.92
-0.95
-0.97
-0.98
-0.97
-0.95
-0.91
-0.86
-0.78
-0.70
-0.60
-0.50
-0.39
-0.28
-0.16
-0.04
0.08
0.20
0.32
0.44
0.55
0.65
0.74
0.81
0.87
0.92
0.95
0.97
0.98
0.97
0.95
0.91
0.86
0.78
0.70
0.60
0.50
0.39
0.28
0.16
0.04
-0.08
-0.20
-0.32
-0.44
-0.55
-0.65
-0.74
-0.81
-0.87
-0.92
-0.95
-0.97
-0.98
-0.97
-0.95
-0.91
-0.85
-0.78
-0.70
-0.60
-0.50
-0.39
-0.28
-0.16
-0.04
0.08
0.20
0.32
0.44
0.55
0.65
0.74
0.81
0.87
0.92
0.95
0.97
0.98
0.97
0.95
0.91
0.85
0.78
0.70
0.60
0.50
0.39
0.28
0.16
0.04
-0.08
-0.20
-0.32
-0.44
-0.55
-0.65
-0.74
-0.81
-0.87
-0.92
-0.95
-0.97
-0.98
-0.97
-0.95
-0.91
-0.85
-0.78
-0.70
-0.60
-0.50
-0.39
-0.28
-0.16
-0.04
0.08
0.20
0.32
0.44
0.55
0.65
0.74
0.81
0.87
0.92
0.95
0.97
0.98
0.97
0.95
0.91
0.85
0.78
0.70
0.60
0.50
0.39
0.27
0.16
0.04
-0.08
-0.20
-0.32
-0.44
-0.55
-0.65
-0.74
-0.81
-0.87
-0.92
-0.95
-0.97
-0.98
-0.97
-0.95
-0.91
-0.85
-0.78
-0.70
-0.60
-0.50
-0.39
-0.27
-0.16
-0.04
0.08
0.20
0.32
0.44
0.55
0.65
0.74
0.81
0.87
0.92
0.95
0.97
0.98
0.97
0.95
0.91
0.85
0.78
0.70
0.60
0.50
0.39
0.27
0.16
0.04
-0.08
-0.20
-0.32
-0.44
-0.55
-0.65
-0.74
-0.81
-0.87
-0.92
-0.95
-0.97
-0.98
-0.97
-0.95
-0.91
-0.85
-0.78
-0.70
-0.60
-0.50
-0.39
-0.27
-0.16
-0.04
0.08
0.20
0.32
0.44
0.55
0.65
0.74
0.81
0.87
0.92
0.95
0.97
0.98
0.97
0.95
0.91
0.85
0.78
0.70
0.60
0.50
0.39
0.27
0.16
0.04
-0.08
-0.20
-0.32
-0.44
-0.55
-0.65
-0.74
-0.81
-0.87
-0.92
-0.95
-0.97
-0.98
-0.97
-0.95
-0.91
-0.85
-0.78
-0.70
-0.60
-0.50
-0.39
-0.27
-0.16
-0.04
0.08
0.20
0.32
0.44
0.55
0.65
0.74
0.81
0.87
0.92
0.95
0.97
0.98
0.97
0.95
0.91
0.85
0.78
0.70
0.60
0.50
0.39
0.27
0.16
0.04
-0.08
-0.20
-0.32
-0.44
-0.55
-0.65
-0.74
-0.81
-0.87
-0.92
-0.95
-0.97
-0.98
-0.97
-0.95
-0.91
-0.85
-0.78
-0.70
-0.60
-0.50
-0.39
-0.27
-0.16
-0.04
0.08
0.20
0.32
0.44
0.55
0.65
0.74
0.81
0.87
0.92
0.95
0.97
0.98
0.97
0.95
0.91
0.85
0.78
0.70
0.60
0.50
0.39
0.27
0.16
0.04
-0.08
-0.20
-0.33
-0.44
-0.55
-0.65
-0.74
-0.81
-0.87
-0.92
-0.95
-0.97
-0.98
-0.97
-0.95
-0.91
-0.85
-0.78
-0.70
-0.60
-0.50
-0.39
-0.27
-0.16
-0.04
0.08
0.20
0.33
0.44
0.55
0.65
0.74
0.81
0.87
0.92
0.95
0.97
0.98
0.97
0.95
0.91
0.85
0.78
0.70
0.60
0.49
0.39
0.27
0.16
0.04
-0.08
-0.20
-0.33
-0.44
-0.55
-0.65
-0.74
-0.81
-0.87
-0.92
-0.95
-0.97
-0.98
-0.97
-0.95
-0.91
-0.85
-0.78
-0.70
-0.60
-0.49
-0.38
-0.27
-0.16
-0.04
0.08
0.21
0.33
0.44
0.55
0.65
0.74
0.81
0.87
0.92
0.95
0.97
0.98
0.97
0.95
0.91
0.85
0.78
0.70
0.60
0.49
0.38
0.27
0.16
0.04
-0.08
-0.21
-0.33
-0.44
-0.55
-0.65
-0.74
-0.81
-0.87
-0.92
-0.95
-0.97
-0.98
-0.97
-0.95
-0.91
-0.85
-0.78
-0.70
-0.60
-0.49
-0.38
-0.27
-0.15
-0.04
0.08
0.21
0.33
0.44
0.55
0.65
0.74
0.82
0.87
0.92
0.95
0.97
0.98
0.97
0.95
0.91
0.85
0.78
0.69
0.60
0.49
0.38
0.27
0.15
0.04
-0.08
-0.21
-0.33
-0.44
-0.55
-0.65
-0.74
-0.82
-0.87
-0.92
-0.95
-0.97
-0.98
-0.97
-0.95
-0.91
-0.85
-0.78
-0.69
-0.60
-0.49
-0.38
-0.27
-0.15
-0.04
0.08
0.21
0.33
0.44
0.55
0.66
0.74
0.82
0.87
0.92
0.95
0.97
0.98
0.97
0.95
0.91
0.85
0.78
0.69
0.60
0.49
0.38
0.27
0.15
0.04
-0.08
-0.21
-0.33
-0.44
-0.56
-0.66
-0.74
-0.82
-0.87
-0.92
-0.95
-0.97
-0.98
-0.97
-0.95
-0.91
-0.85
-0.78
-0.69
-0.60
-0.49
-0.38
-0.27
-0.15
-0.04
0.09
0.21
0.33
0.45
0.56
0.66
0.74
0.82
0.87
0.92
0.95
0.97
0.98
0.97
0.95
0.91
0.85
0.78
0.69
0.60
0.49
0.38
0.27
0.15
0.04
-0.09
-0.21
-0.33
-0.45
-0.56
-0.66
-0.74
-0.82
-0.87
-0.92
-0.95
-0.97
-0.98
-0.97
-0.95
-0.91
-0.85
-0.78
-0.69
-0.60
-0.49
-0.38
-0.27
-0.15
-0.03
0.09
0.21
0.33
0.45
0.56
0.66
0.74
0.82
0.87
0.92
0.95
0.97
0.98
0.97
0.95
0.91
0.85
0.78
0.69
0.60
0.49
0.38
0.27
0.15
0.03
-0.09
-0.21
-0.33
-0.45
-0.56
-0.66
-0.74
-0.82
-0.87
-0.92
-0.95
-0.97
-0.98
-0.97
-0.95
-0.91
-0.85
-0.78
-0.69
-0.60
-0.49
-0.38
-0.27
-0.15
-0.03
0.09
0.21
0.33
0.45
0.56
0.66
0.74
0.82
0.87
0.92
0.95
0.97
0.98
0.97
0.95
0.91
0.85
0.78
0.69
0.60
0.49
0.38
0.27
0.15
0.03
-0.09
-0.21
-0.33
-0.45
-0.56
-0.66
-0.74
-0.82
-0.87
-0.92
-0.95
-0.97
-0.98
-0.97
-0.95
-0.91
-0.85
-0.78
-0.69
-0.60
-0.49
-0.38
-0.27
-0.15
-0.03
0.09
0.21
0.33
0.45
0.56
0.66
0.74
0.82
0.88
0.92
0.95
0.97
0.98
0.97
0.95
0.91
0.85
0.78
0.69
0.60
0.49
0.38
0.27
0.15
0.03
-0.09
-0.21
-0.33
-0.45
-0.56
-0.66
-0.74
-0.82
-0.88
-0.92
-0.95
-0.97
-0.98
-0.97
-0.95
-0.91
-0.85
-0.78
-0.69
-0.60
-0.49
-0.38
-0.27
-0.15
-0.03
0.09
0.21
0.33
0.45
0.56
0.66
0.74
0.82
0.88
0.92
0.95
0.97
0.98
0.97
0.95
0.91
0.85
0.78
0.69
0.60
0.49
0.38
0.27
0.15
0.03
-0.09
-0.21
-0.33
-0.45
-0.56
-0.66
-0.74
-0.82
-0.88
-0.92
-0.95
-0.97
-0.98
-0.97
-0.95
-0.91
-0.85
-0.78
-0.69
-0.59
-0.49
-0.38
-0.27
-0.15
-0.03
0.09
0.21
0.33
0.45
0.56
0.66
0.74
0.82
0.88
0.92
0.95
0.97
0.98
0.97
0.95
0.91
0.85
0.78
0.69
0.59
0.49
0.38
0.27
0.15
0.03
-0.09
-0.21
-0.33
-0.45
-0.56
-0.66
-0.74
-0.82
-0.88
-0.92
-0.95
-0.97
-0.98
-0.97
-0.95
-0.91
-0.85
-0.78
-0.69
-0.59
-0.49
-0.38
-0.27
-0.15
-0.03
0.09
0.21
0.33
0.45
0.56
0.66
0.75
0.82
0.88
0.92
0.95
0.97
0.98
0.97
0.95
0.91
0.85
0.78
0.69
0.59
0.49
0.38
0.27
0.15
0.03
-0.09
-0.21
-0.33
-0.45
-0.56
-0.66
-0.75
-0.82
-0.88
-0.92
-0.95
-0.97
-0.98
-0.97
-0.95
-0.91
-0.85
-0.78
-0.69
-0.59
-0.49
-0.38
-0.27
-0.15
-0.03
0.09
0.21
0.33
0.45
0.56
0.66
0.75
0.82
0.88
0.92
0.95
0.97
0.98
0.97
0.95
0.91
0.85
0.78
0.69
0.59
0.49
0.38
0.27
0.15
0.03
-0.09
-0.21
-0.33
-0.45
-0.56
-0.66
-0.75
-0.82
-0.88
-0.92
-0.95
-0.97
-0.98
-0.97
-0.95
-0.91
-0.85
-0.78
-0.69
-0.59
-0.49
-0.38
-0.27
-0.15
-0.03
0.09
0.21
0.33
0.45
0.56
0.66
0.75
0.82
0.88
0.92
0.95
0.97
0.98
0.97
0.95
0.91
0.85
0.78
0.69
0.59
0.49
0.38
0.26
0.15
0.03
-0.09
-0.21
-0.33
-0.45
-0.56
-0.66
-0.75
-0.82
-0.88
-0.92
-0.95
-0.97
-0.98
-0.97
-0.95
-0.91
-0.85
-0.78
-0.69
-0.59
-0.49
-0.38
-0.26
-0.15
-0.03
0.09
0.21
0.33
0.45
0.56
0.66
0.75
0.82
0.88
0.92
0.95
0.97
0.98
0.97
0.95
0.91
0.85
0.78
0.69
0.59
0.49
0.38
0.26
0.15
0.03
-0.09
-0.21
-0.33
-0.45
-0.56
-0.66
-0.75
-0.82
-0.88
-0.92
-0.95
-0.97
-0.98
-0.97
-0.94
-0.91
-0.85
-0.78
-0.69
-0.59
-0.49
-0.38
-0.26
-0.15
-0.03
0.09
0.21
0.33
0.45
0.56
0.66
0.75
0.82
0.88
0.92
0.95
0.97
0.98
0.97
0.94
0.90
0.85
0.78
0.69
0.59
0.49
0.38
0.26
0.15
0.03
-0.09
-0.21
-0.33
-0.45
-0.56
-0.66
-0.75
-0.82
-0.88
-0.92
-0.95
-0.97
-0.98
-0.97
-0.94
-0.90
-0.85
-0.78
-0.69
-0.59
-0.49
-0.38
-0.26
-0.15
-0.03
0.09
0.21
0.33
0.45
0.56
0.66
0.75
0.82
0.88
0.92
0.95
0.97
0.98
0.97
0.94
0.90
0.85
0.78
0.69
0.59
0.49
0.38
0.26
0.15
0.03
-0.09
-0.21
-0.33
-0.45
-0.56
-0.66
-0.75
-0.82
-0.88
-0.92
-0.95
-0.97
-0.98
-0.97
-0.94
-0.90
-0.85
-0.78
-0.69
-0.59
-0.49
-0.38
-0.26
-0.15
-0.03
0.09
0.21
0.34
0.45
0.56
0.66
0.75
0.82
0.88
0.92
0.95
0.97
0.98
0.97
0.94
0.90
0.85
0.77
0.69
0.59
0.49
0.38
0.26
0.15
0.03
-0.09
-0.21
-0.34
-0.45
-0.56
-0.66
-0.75
-0.82
-0.88
-0.92
-0.95
-0.97
-0.98
-0.97
-0.94
-0.90
-0.85
-0.77
-0.69
-0.59
-0.49
-0.38
-0.26
-0.15
-0.03
0.09
0.21
0.34
0.45
0.56
0.66
0.75
0.82
0.88
0.92
0.95
0.97
0.98
0.97
0.94
0.90
0.85
0.77
0.69
0.59
0.49
0.38
0.26
0.15
0.03
-0.09
-0.22
-0.34
-0.45
-0.56
-0.66
-0.75
-0.82
-0.88
-0.92
-0.95
-0.97
-0.98
-0.97
-0.94
-0.90
-0.85
-0.77
-0.69
-0.59
-0.49
-0.38
-0.26
-0.15
-0.03
0.09
0.22
0.34
0.45
0.56
0.66
0.75
0.82
0.88
0.92
0.95
0.97
0.98
0.97
0.94
0.90
0.85
0.77
0.69
0.59
0.49
0.38
0.26
0.15
0.03
-0.09
-0.22
-0.34
-0.45
-0.56
-0.66
-0.75
-0.82
-0.88
-0.92
-0.95
-0.97
-0.98
-0.97
-0.94
-0.90
-0.85
-0.77
-0.69
-0.59
-0.48
-0.37
-0.26
-0.14
-0.03
0.09
0.22
0.34
0.45
0.56
0.66
0.75
0.82
0.88
0.92
0.95
0.97
0.98
0.97
0.94
0.90
0.85
0.77
0.69
0.59
0.48
0.37
0.26
0.14
0.03
-0.09
-0.22
-0.34
-0.45
-0.56
-0.66
-0.75
-0.82
-0.88
-0.92
-0.95
-0.97
-0.98
-0.97
-0.94
-0.90
-0.85
-0.77
-0.69
-0.59
-0.48
-0.37
-0.26
-0.14
-0.03
0.09
0.22
0.34
0.45
0.56
0.66
0.75
0.82
0.88
0.92
0.95
0.97
0.98
0.97
0.94
0.90
0.85
0.77
0.69
0.59
0.48
0.37
0.26
0.14
0.03
-0.10
-0.22
-0.34
-0.45
-0.56
-0.66
-0.75
-0.82
-0.88
-0.92
-0.95
-0.97
-0.98
-0.97
-0.94
-0.90
-0.85
-0.77
-0.69
-0.59
-0.48
-0.37
-0.26
-0.14
-0.03
0.10
0.22
0.34
0.45
0.56
0.66
0.75
0.82
0.88
0.92
0.95
0.97
0.98
0.97
0.94
0.90
0.85
0.77
0.69
0.59
0.48
0.37
0.26
0.14
0.02
-0.10
-0.22
-0.34
-0.46
-0.56
-0.66
-0.75
-0.82
-0.88
-0.92
-0.95
-0.97
-0.98
-0.97
-0.94
-0.90
-0.85
-0.77
-0.69
-0.59
-0.48
-0.37
-0.26
-0.14
-0.02
0.10
0.22
0.34
0.46
0.56
0.66
0.75
0.82
0.88
0.92
0.95
0.97
0.98
0.97
0.94
0.90
0.85
0.77
0.69
0.59
0.48
0.37
0.26
0.14
0.02
-0.10
-0.22
-0.34
-0.46
-0.57
-0.66
-0.75
-0.82
-0.88
-0.92
-0.95
-0.97
-0.98
-0.97
-0.94
-0.90
-0.85
-0.77
-0.69
-0.59
-0.48
-0.37
-0.26
-0.14
-0.02
0.10
0.22
0.34
0.46
0.57
0.66
0.75
0.82
0.88
0.92
0.95
0.97
0.98
0.97
0.94
0.90
0.85
0.77
0.69
0.59
0.48
0.37
0.26
0.14
0.02
-0.10
-0.22
-0.34
-0.46
-0.57
-0.66
-0.75
-0.82
-0.88
-0.92
-0.95
-0.97
-0.98
-0.97
-0.94
-0.90
-0.85
-0.77
-0.68
-0.59
-0.48
-0.37
-0.26
-0.14
-0.02
0.10
0.22
0.34
0.46
0.57
0.66
0.75
0.82
0.88
0.92
0.95
0.97
0.98
0.97
0.94
0.90
0.84
0.77
0.68
0.59
0.48
0.37
0.26
0.14
0.02
-0.10
-0.22
-0.34
-0.46
-0.57
-0.67
-0.75
-0.82
-0.88
-0.92
-0.95
-0.97
-0.98
-0.97
-0.94
-0.90
-0.84
-0.77
-0.68
-0.59
-0.48
-0.37
-0.26
-0.14
-0.02
0.10
0.22
0.34
0.46
0.57
0.67
0.75
0.82
0.88
0.92
0.95
0.97
0.98
0.97
0.94
0.90
0.84
0.77
0.68
0.59
0.48
0.37
0.26
0.14
0.02
-0.10
-0.22
-0.34
-0.46
-0.57
-0.67
-0.75
-0.82
-0.88
-0.92
-0.95
-0.97
-0.98
-0.97
-0.94
-0.90
-0.84
-0.77
-0.68
-0.59
-0.48
-0.37
-0.26
-0.14
-0.02
0.10
0.22
0.34
0.46
0.57
0.67
0.75
0.82
0.88
0.92
0.95
0.97
0.98
0.97
0.94
0.90
0.84
0.77
0.68
0.59
0.48
0.37
0.26
0.14
0.02
-0.10
-0.22
-0.34
-0.46
-0.57
-0.67
-0.75
-0.82
-0.88
-0.92
-0.95
-0.97
-0.98
-0.97
-0.94
-0.90
-0.84
-0.77
-0.68
-0.59
-0.48
-0.37
-0.26
-0.14
-0.02
0.10
0.22
0.34
0.46
0.57
0.67
0.75
0.82
0.88
0.92
0.95
0.97
0.98
0.97
0.94
0.90
0.84
0.77
0.68
0.59
0.48
0.37
0.26
0.14
0.02
-0.10
-0.22
-0.34
-0.46
-0.57
-0.67
-0.75
-0.82
-0.88
-0.92
-0.95
-0.97
-0.98
-0.97
-0.94
-0.90
-0.84
-0.77
-0.68
-0.59
-0.48
-0.37
-0.26
-0.14
-0.02
0.10
0.22
0.34
0.46
0.57
0.67
0.75
0.82
0.88
0.92
0.95
0.97
0.98
0.97
0.94
0.90
0.84
0.77
0.68
0.59
0.48
0.37
0.26
0.14
0.02
-0.10
-0.22
-0.34
-0.46
-0.57
-0.67
-0.75
-0.82
-0.88
-0.92
-0.95
-0.97
-0.98
-0.97
-0.94
-0.90
-0.84
-0.77
-0.68
-0.58
-0.48
-0.37
-0.26
-0.14
-0.02
0.10
0.22
0.34
0.46
0.57
0.67
0.75
0.82
0.88
0.92
0.95
0.97
0.98
0.97
0.94
0.90
0.84
0.77
0.68
0.58
0.48
0.37
0.26
0.14
0.02
-0.10
-0.22
-0.34
-0.46
-0.57
-0.67
-0.75
-0.82
-0.88
-0.92
-0.95
-0.97
-0.98
-0.97
-0.94
-0.90
-0.84
-0.77
-0.68
-0.58
-0.48
-0.37
-0.25
-0.14
-0.02
0.10
0.22
0.34
0.46
0.57
0.67
0.75
0.82
0.88
0.92
0.95
0.97
0.98
0.97
0.94
0.90
0.84
0.77
0.68
0.58
0.48
0.37
0.25
0.14
0.02
-0.10
-0.22
-0.34
-0.46
-0.57
-0.67
-0.75
-0.82
-0.88
-0.92
-0.95
-0.97
-0.98
-0.97
-0.94
-0.90
-0.84
-0.77
-0.68
-0.58
-0.48
-0.37
-0.25
-0.14
-0.02
0.10
0.22
0.34
0.46
0.57
0.67
0.75
0.82
0.88
0.92
0.95
0.97
0.98
0.97
0.94
0.90
0.84
0.77
0.68
0.58
0.48
0.37
0.25
0.14
0.02
-0.10
-0.22
-0.34
-0.46
-0.57
-0.67
-0.75
-0.82
-0.88
-0.92
-0.95
-0.97
-0.98
-0.97
-0.94
-0.90
-0.84
-0.77
-0.68
-0.58
-0.48
-0.37
-0.25
-0.14
-0.02
0.10
0.22
0.34
0.46
0.57
0.67
0.75
0.82
0.88
0.92
0.95
0.97
0.98
0.97
0.94
0.90
0.84
0.77
0.68
0.58
0.48
0.37
0.25
0.14
0.02
-0.10
-0.22
-0.34
-0.46
-0.57
-0.67
-0.75
-0.82
-0.88
-0.92
-0.95
-0.97
-0.98
-0.97
-0.94
-0.90
-0.84
-0.77
-0.68
-0.58
-0.48
-0.37
-0.25
-0.14
-0.02
0.10
0.22
0.35
0.46
0.57
0.67
0.75
0.83
0.88
0.92
0.95
0.97
0.98
0.97
0.94
0.90
0.84
0.77
0.68
0.58
0.48
0.37
0.25
0.14
0.02
-0.10
-0.22
-0.35
-0.46
-0.57
-0.67
-0.75
-0.83
-0.88
-0.92
-0.95
-0.97
-0.98
-0.97
-0.94
-0.90
-0.84
-0.77
-0.68
-0.58
-0.48
-0.37
-0.25
-0.14
-0.02
0.10
0.23
0.35
0.46
0.57
0.67
0.75
0.83
0.88
0.92
0.95
0.97
0.98
0.97
0.94
0.90
0.84
0.77
0.68
0.58
0.48
0.37
0.25
0.14
0.02
-0.10
-0.23
-0.35
-0.46
-0.57
-0.67
-0.75
-0.83
-0.88
-0.92
-0.95
-0.97
-0.98
-0.97
-0.94
-0.90
-0.84
-0.77
-0.68
-0.58
-0.48
-0.37
-0.25
-0.14
-0.02
0.10
0.23
0.35
0.46
0.57
0.67
0.75
0.83
0.88
0.92
0.95
0.97
0.98
0.97
0.94
0.90
0.84
0.77
0.68
0.58
0.48
0.37
0.25
0.14
0.02
-0.10
-0.23
-0.35
-0.46
-0.57
-0.67
-0.76
-0.83
-0.88
-0.92
-0.95
-0.97
-0.98
-0.97
-0.94
-0.90
-0.84
-0.77
-0.68
-0.58
-0.48
-0.37
-0.25
-0.13
-0.02
0.10
0.23
0.35
0.46
0.57
0.67
0.76
0.83
0.88
0.92
0.95
0.97
0.98
0.97
0.94
0.90
0.84
0.77
0.68
0.58
0.48
0.36
0.25
0.13
0.02
-0.10
-0.23
-0.35
-0.46
-0.57
-0.67
-0.76
-0.83
-0.88
-0.93
-0.95
-0.97
-0.98
-0.97
-0.94
-0.90
-0.84
-0.77
-0.68
-0.58
-0.48
-0.36
-0.25
-0.13
-0.02
0.11
0.23
0.35
0.46
0.57
0.67
0.76
0.83
0.88
0.93
0.95
0.97
0.98
0.97
0.94
0.90
0.84
0.77
0.68
0.58
0.47
0.36
0.25
0.13
0.02
-0.11
-0.23
-0.35
-0.46
-0.57
-0.67
-0.76
-0.83
-0.88
-0.93
-0.95
-0.97
-0.98
-0.97
-0.94
-0.90
-0.84
-0.77
-0.68
-0.58
-0.47
-0.36
-0.25
-0.13
-0.01
0.11
0.23
0.35
0.46
0.57
0.67
0.76
0.83
0.88
0.93
0.95
0.97
0.98
0.97
0.94
0.90
0.84
0.77
0.68
0.58
0.47
0.36
0.25
0.13
0.01
-0.11
-0.23
-0.35
-0.46
-0.57
-0.67
-0.76
-0.83
-0.88
-0.93
-0.96
-0.97
-0.98
-0.97
-0.94
-0.90
-0.84
-0.77
-0.68
-0.58
-0.47
-0.36
-0.25
-0.13
-0.01
0.11
0.23
0.35
0.47
0.57
0.67
0.76
0.83
0.88
0.93
0.96
0.97
0.98
0.97
0.94
0.90
0.84
0.77
0.68
0.58
0.47
0.36
0.25
0.13
0.01
-0.11
-0.23
-0.35
-0.47
-0.57
-0.67
-0.76
-0.83
-0.88
-0.93
-0.96
-0.97
-0.98
-0.97
-0.94
-0.90
-0.84
-0.77
-0.68
-0.58
-0.47
-0.36
-0.25
-0.13
-0.01
0.11
0.23
0.35
0.47
0.57
0.67
0.76
0.83
0.88
0.93
0.96
0.97
0.98
0.97
0.94
0.90
0.84
0.77
0.68
0.58
0.47
0.36
0.25
0.13
0.01
-0.11
-0.23
-0.35
-0.47
-0.57
-0.67
-0.76
-0.83
-0.88
-0.93
-0.96
-0.97
-0.98
-0.97
-0.94
-0.90
-0.84
-0.76
-0.68
-0.58
-0.47
-0.36
-0.25
-0.13
-0.01
0.11
0.23
0.35
0.47
0.57
0.67
0.76
0.83
0.88
0.93
0.96
0.97
0.98
0.97
0.94
0.90
0.84
0.76
0.68
0.58
0.47
0.36
0.25
0.13
0.01
-0.11
-0.23
-0.35
-0.47
-0.58
-0.67
-0.76
-0.83
-0.88
-0.93
-0.96
-0.97
-0.98
-0.97
-0.94
-0.90
-0.84
-0.76
-0.68
-0.58
-0.47
-0.36
-0.25
-0.13
-0.01
0.11
0.23
0.35
0.47
0.58
0.67
0.76
0.83
0.88
0.93
0.96
0.97
0.98
0.97
0.94
0.90
0.84
0.76
0.68
0.58
0.47
0.36
0.25
0.13
0.01
-0.11
-0.23
-0.35
-0.47
-0.58
-0.67
-0.76
-0.83
-0.88
-0.93
-0.96
-0.97
-0.98
-0.97
-0.94
-0.90
-0.84
-0.76
-0.68
-0.58
-0.47
-0.36
-0.25
-0.13
-0.01
0.11
0.23
0.35
0.47
0.58
0.67
0.76
0.83
0.88
0.93
0.96
0.97
0.98
0.97
0.94
0.90
0.84
0.76
0.68
0.58
0.47
0.36
0.25
0.13
0.01
-0.11
-0.23
-0.35
-0.47
-0.58
-0.67
-0.76
-0.83
-0.88
-0.93
-0.96
-0.97
-0.98
-0.97
-0.94
-0.90
-0.84
-0.76
-0.68
-0.58
-0.47
-0.36
-0.25
-0.13
-0.01
0.11
0.23
0.35
0.47
0.58
0.67
0.76
0.83
0.88
0.93
0.96
0.97
0.98
0.97
0.94
0.90
0.84
0.76
0.68
0.58
0.47
0.36
0.25
0.13
0.01
-0.11
-0.23
-0.35
-0.47
-0.58
-0.67
-0.76
-0.83
-0.88
-0.93
-0.96
-0.97
-0.98
-0.97
-0.94
-0.90
-0.84
-0.76
-0.68
-0.58
-0.47
-0.36
-0.25
-0.13
-0.01
0.11
0.23
0.35
0.47
0.58
0.67
0.76
0.83
0.88
0.93
0.96
0.97
0.98
0.97
0.94
0.90
0.84
0.76
0.67
0.58
0.47
0.36
0.25
0.13
0.01
-0.11
-0.23
-0.35
-0.47
-0.58
-0.67
-0.76
-0.83
-0.88
-0.93
-0.96
-0.97
-0.98
-0.97
-0.94
-0.90
-0.84
-0.76
-0.67
-0.58
-0.47
-0.36
-0.25
-0.13
-0.01
0.11
0.23
0.35
0.47
0.58
0.67
0.76
0.83
0.88
0.93
0.96
0.97
0.98
0.97
0.94
0.90
0.84
0.76
0.67
0.58
0.47
0.36
0.25
0.13
0.01
-0.11
-0.23
-0.35
-0.47
-0.58
-0.68
-0.76
-0.83
-0.88
-0.93
-0.96
-0.97
-0.98
-0.97
-0.94
-0.90
-0.84
-0.76
-0.67
-0.58
-0.47
-0.36
-0.25
-0.13
-0.01
0.11
0.23
0.35
0.47
0.58
0.68
0.76
0.83
0.89
0.93
0.96
0.97
0.98
0.97
0.94
0.90
0.84
0.76
0.67
0.58
0.47
0.36
0.24
0.13
0.01
-0.11
-0.23
-0.35
-0.47
-0.58
-0.68
-0.76
-0.83
-0.89
-0.93
-0.96
-0.97
-0.98
-0.97
-0.94
-0.90
-0.84
-0.76
-0.67
-0.58
-0.47
-0.36
-0.24
-0.13
-0.01
0.11
0.23
0.35
0.47
0.58
0.68
0.76
0.83
0.89
0.93
0.96
0.97
0.98
0.97
0.94
0.90
0.84
0.76
0.67
0.57
0.47
0.36
0.24
0.13
0.01
-0.11
-0.23
-0.35
-0.47
-0.58
-0.68
-0.76
-0.83
-0.89
-0.93
-0.96
-0.97
-0.98
-0.97
-0.94
-0.90
-0.84
-0.76
-0.67
-0.57
-0.47
-0.36
-0.24
-0.13
-0.01
0.11
0.23
0.35
0.47
0.58
0.68
0.76
0.83
0.89
0.93
0.96
0.97
0.98
0.97
0.94
0.90
0.84
0.76
0.67
0.57
0.47
0.36
0.24
0.13
0.01
-0.11
-0.23
-0.36
-0.47
-0.58
-0.68
-0.76
-0.83
-0.89
-0.93
-0.96
-0.97
-0.98
-0.97
-0.94
-0.90
-0.84
-0.76
-0.67
-0.57
-0.47
-0.36
-0.24
-0.13
-0.01
0.11
0.23
0.36
0.47
0.58
0.68
0.76
0.83
0.89
0.93
0.96
0.97
0.98
0.97
0.94
0.90
0.84
0.76
0.67
0.57
0.47
0.36
0.24
0.13
0.01
-0.11
-0.24
-0.36
-0.47
-0.58
-0.68
-0.76
-0.83
-0.89
-0.93
-0.96
-0.97
-0.98
-0.97
-0.94
-0.90
-0.84
-0.76
-0.67
-0.57
-0.47
-0.36
-0.24
-0.13
-0.01
0.11
0.24
0.36
0.47
0.58
0.68
0.76
0.83
0.89
0.93
0.96
0.97
0.98
0.97
0.94
0.90
0.84
0.76
0.67
0.57
0.47
0.36
0.24
0.13
0.01
-0.11
-0.24
-0.36
-0.47
-0.58
-0.68
-0.76
-0.83
-0.89
-0.93
-0.96
-0.97
-0.98
-0.97
-0.94
-0.90
-0.84
-0.76
-0.67
-0.57
-0.47
-0.36
-0.24
-0.13
-0.01
0.11
0.24
0.36
0.47
0.58
0.68
0.76
0.83
0.89
0.93
0.96
0.97
0.98
0.97
0.94
0.90
0.84
0.76
0.67
0.57
0.47
0.36
0.24
0.13
0.01
-0.11
-0.24
-0.36
-0.47
-0.58
-0.68
-0.76
-0.83
-0.89
-0.93
-0.96
-0.97
-0.98
-0.97
-0.94
-0.90
-0.84
-0.76
-0.67
-0.57
-0.47
-0.36
-0.24
-0.12
-0.01
0.12
0.24
0.36
0.47
0.58
0.68
0.76
0.83
0.89
0.93
0.96
0.97
0.98
0.97
0.94
0.90
0.84
0.76
0.67
0.57
0.47
0.36
0.24
0.12
0.01
-0.12
-0.24
-0.36
-0.47
-0.58
-0.68
-0.76
-0.83
-0.89
-0.93
-0.96
-0.97
-0.98
-0.97
-0.94
-0.90
-0.84
-0.76
-0.67
-0.57
-0.47
-0.36
-0.24
-0.12
-0.01
0.12
0.24
0.36
0.47
0.58
0.68
0.76
0.83
0.89
0.93
0.96
0.97
0.98
0.96
0.94
0.89
0.83
0.76
0.67
0.57
0.47
0.35
0.24
0.12
0.01
-0.12
-0.24
-0.36
-0.47
-0.58
-0.68
-0.76
-0.83
-0.89
-0.93
-0.96
-0.97
-0.98
-0.96
-0.94
-0.89
-0.83
-0.76
-0.67
-0.57
-0.47
-0.35
-0.24
-0.12
-0.00
0.12
0.24
0.36
0.47
0.58
0.68
0.76
0.83
0.89
0.93
0.96
0.97
0.98
0.96
0.94
0.89
0.83
0.76
0.67
0.57
0.47
0.35
0.24
0.12
0.00
-0.12
-0.24
-0.36
-0.47
-0.58
-0.68
-0.76
-0.83
-0.89
-0.93
-0.96
-0.97
-0.98
-0.96
-0.94
-0.89
-0.83
-0.76
-0.67
-0.57
-0.46
-0.35
-0.24
-0.12
-0.00
0.12
0.24
0.36
0.47
0.58
0.68
0.76
0.83
0.89
0.93
0.96
0.97
0.98
0.96
0.94
0.89
0.83
0.76
0.67
0.57
0.46
0.35
0.24
0.12
0.00
-0.12
-0.24
-0.36
-0.47
-0.58
-0.68
-0.76
-0.83
-0.89
-0.93
-0.96
-0.97
-0.98
-0.96
-0.94
-0.89
-0.83
-0.76
-0.67
-0.57
-0.46
-0.35
-0.24
-0.12
-0.00
0.12
0.24
0.36
0.48
0.58
0.68
0.76
0.83
0.89
0.93
0.96
0.97
0.98
0.96
0.94
0.89
0.83
0.76
0.67
0.57
0.46
0.35
0.24
0.12
0.00
-0.12
-0.24
-0.36
-0.48
-0.58
-0.68
-0.76
-0.83
-0.89
-0.93
-0.96
-0.97
-0.98
-0.96
-0.94
-0.89
-0.83
-0.76
-0.67
-0.57
-0.46
-0.35
-0.24
-0.12
-0.00
0.12
0.24
0.36
0.48
0.58
0.68
0.76
0.83
0.89
0.93
0.96
0.97
0.98
0.96
0.94
0.89
0.83
0.76
0.67
0.57
0.46
0.35
0.24
0.12
0.00
-0.12
-0.24
-0.36
-0.48
-0.58
-0.68
-0.76
-0.83
-0.89
-0.93
-0.96
-0.97
-0.98
-0.96
-0.94
-0.89
-0.83
-0.76
-0.67
-0.57
-0.46
-0.35
-0.24
-0.12
-0.00
0.12
0.24
0.36
0.48
0.58
0.68
0.76
0.83
0.89
0.93
0.96
0.97
0.98
0.96
0.94
0.89
0.83
0.76
0.67
0.57
0.46
0.35
0.24
0.12
0.00
-0.12
-0.24
-0.36
-0.48
-0.58
-0.68
-0.76
-0.83
-0.89
-0.93
-0.96
-0.97
-0.98
-0.96
-0.94
-0.89
-0.83
-0.76
-0.67
-0.57
-0.46
-0.35
-0.24
-0.12
-0.00
0.12
0.24
0.36
0.48
0.58
0.68
0.76
0.83
0.89
0.93
0.96
0.97
0.98
0.96
0.94
0.89
0.83
0.76
0.67
0.57
0.46
0.35
0.24
0.12
0.00
-0.12
-0.24
-0.36
-0.48
-0.58
-0.68
-0.76
-0.83
-0.89
-0.93
-0.96
-0.97
-0.98
-0.96
-0.94
-0.89
-0.83
-0.76
-0.67
-0.57
-0.46
-0.35
-0.24
-0.12
-0.00
0.12
0.24
0.36
0.48
0.59
0.68
0.76
0.83
0.89
0.93
0.96
0.97
0.98
0.96
0.94
0.89
0.83
0.76
0.67
0.57
0.46
0.35
0.24
0.12
0.00
-0.12
-0.24
-0.36
-0.48
-0.59
-0.68
-0.77
-0.83
-0.89
-0.93
-0.96
-0.97
-0.98
-0.96
-0.94
-0.89
-0.83
-0.76
-0.67
-0.57
-0.46
-0.35
-0.24
-0.12
-0.00
0.12
0.24
0.36
0.48
0.59
0.68
0.77
0.83
0.89
0.93
0.96
0.97
0.98
0.96
0.94
0.89
0.83
0.76
0.67
0.57
0.46
0.35
0.24
0.12
0.00
-0.12
-0.24
-0.36
-0.48
-0.59
-0.68
-0.77
-0.83
-0.89
-0.93
-0.96
-0.97
-0.98
-0.96
-0.94
-0.89
-0.83
-0.76
-0.67
-0.57
-0.46
-0.35
-0.24
-0.12
0.00
0.12
0.24
0.36
0.48
0.59
0.68
0.77
0.83
0.89
0.93
0.96
0.97
0.98
0.96
0.94
0.89
0.83
0.76
0.67
0.57
0.46
0.35
0.24
0.12
-0.00
-0.12
-0.24
-0.36
-0.48
-0.59
-0.68
-0.77
-0.83
-0.89
-0.93
-0.96
-0.97
-0.98
-0.96
-0.94
-0.89
-0.83
-0.76
-0.67
-0.57
-0.46
-0.35
-0.24
-0.12
0.00
0.12
0.24
0.36
0.48
0.59
0.68
0.77
0.83
0.89
0.93
0.96
0.97
0.98
0.96
0.94
0.89
0.83
0.76
0.67
0.57
0.46
0.35
0.23
0.12
-0.00
-0.12
-0.24
-0.36
-0.48
-0.59
-0.68
-0.77
-0.83
-0.89
-0.93
-0.96
-0.97
-0.98
-0.96
-0.94
-0.89
-0.83
-0.76
-0.67
-0.57
-0.46
-0.35
-0.23
-0.12
0.00
0.12
0.24
0.36
0.48
0.59
0.68
0.77
0.84
0.89
0.93
0.96
0.97
0.98
0.96
0.94
0.89
0.83
0.75
0.67
0.57
0.46
0.35
0.23
0.12
-0.00
-0.12
-0.24
-0.36
-0.48
-0.59
-0.68
-0.77
-0.84
-0.89
-0.93
-0.96
-0.97
-0.98
-0.96
-0.94
-0.89
-0.83
-0.75
-0.67
-0.57
-0.46
-0.35
-0.23
-0.12
0.00
0.12
0.24
0.36
0.48
0.59
0.68
0.77
0.84
0.89
0.93
0.96
0.97
0.98
0.96
0.94
0.89
0.83
0.75
0.67
0.57
0.46
0.35
0.23
0.12
-0.00
-0.12
-0.24
-0.37
-0.48
-0.59
-0.68
-0.77
-0.84
-0.89
-0.93
-0.96
-0.97
-0.98
-0.96
-0.94
-0.89
-0.83
-0.75
-0.66
-0.57
-0.46
-0.35
-0.23
-0.12
0.00
0.12
0.25
0.37
0.48
0.59
0.68
0.77
0.84
0.89
0.93
0.96
0.97
0.98
0.96
0.94
0.89
0.83
0.75
0.66
0.57
0.46
0.35
0.23
0.12
-0.00
-0.12
-0.25
-0.37
-0.48
-0.59
-0.68
-0.77
-0.84
-0.89
-0.93
-0.96
-0.97
-0.98
-0.96
-0.94
-0.89
-0.83
-0.75
-0.66
-0.56
-0.46
-0.35
-0.23
-0.12
0.00
0.12
0.25
0.37
0.48
0.59
0.68
0.77
0.84
0.89
0.93
0.96
0.97
0.98
0.96
0.94
0.89
0.83
0.75
0.66
0.56
0.46
0.35
0.23
0.12
-0.00
-0.12
-0.25
-0.37
-0.48
-0.59
-0.69
-0.77
-0.84
-0.89
-0.93
-0.96
-0.97
-0.98
-0.96
-0.94
-0.89
-0.83
-0.75
-0.66
-0.56
-0.46
-0.35
-0.23
-0.12
0.00
0.12
0.25
0.37
0.48
0.59
0.69
0.77
0.84
0.89
0.93
0.96
0.97
0.98
0.96
0.94
0.89
0.83
0.75
0.66
0.56
0.46
0.35
0.23
0.12
-0.00
-0.13
-0.25
-0.37
-0.48
-0.59
-0.69
-0.77
-0.84
-0.89
-0.93
-0.96
-0.97
-0.98
-0.96
-0.94
-0.89
-0.83
-0.75
-0.66
-0.56
-0.46
-0.35
-0.23
-0.11
0.00
0.13
0.25
0.37
0.48
0.59
0.69
0.77
0.84
0.89
0.93
0.96
0.97
0.98
0.96
0.94
0.89
0.83
0.75
0.66
0.56
0.46
0.35
0.23
0.11
-0.00
-0.13
-0.25
-0.37
-0.48
-0.59
-0.69
-0.77
-0.84
-0.89
-0.93
-0.96
-0.97
-0.98
-0.96
-0.94
-0.89
-0.83
-0.75
-0.66
-0.56
-0.46
-0.35
-0.23
-0.11
0.00
0.13
0.25
0.37
0.48
0.59
0.69
0.77
0.84
0.89
0.93
0.96
0.97
0.98
0.96
0.94
0.89
0.83
0.75
0.66
0.56
0.46
0.35
0.23
0.11
-0.01
-0.13
-0.25
-0.37
-0.48
-0.59
-0.69
-0.77
-0.84
-0.89
-0.93
-0.96
-0.97
-0.98
-0.96
-0.94
-0.89
-0.83
-0.75
-0.66
-0.56
-0.46
-0.34
-0.23
-0.11
0.01
0.13
0.25
0.37
0.48
0.59
0.69
0.77
0.84
0.89
0.93
0.96
0.97
0.98
0.96
0.94
0.89
0.83
0.75
0.66
0.56
0.46
0.34
0.23
0.11
-0.01
-0.13
-0.25
-0.37
-0.48
-0.59
-0.69
-0.77
-0.84
-0.89
-0.93
-0.96
-0.97
-0.98
-0.96
-0.93
-0.89
-0.83
-0.75
-0.66
-0.56
-0.46
-0.34
-0.23
-0.11
0.01
0.13
0.25
0.37
0.48
0.59
0.69
0.77
0.84
0.89
0.93
0.96
0.97
0.98
0.96
0.93
0.89
0.83
0.75
0.66
0.56
0.46
0.34
0.23
0.11
-0.01
-0.13
-0.25
-0.37
-0.48
-0.59
-0.69
-0.77
-0.84
-0.89
-0.93
-0.96
-0.97
-0.98
-0.96
-0.93
-0.89
-0.83
-0.75
-0.66
-0.56
-0.46
-0.34
-0.23
-0.11
0.01
0.13
0.25
0.37
0.48
0.59
0.69
0.77
0.84
0.89
0.93
0.96
0.97
0.98
0.96
0.93
0.89
0.83
0.75
0.66
0.56
0.45
0.34
0.23
0.11
-0.01
-0.13
-0.25
-0.37
-0.48
-0.59
-0.69
-0.77
-0.84
-0.89
-0.93
-0.96
-0.97
-0.98
-0.96
-0.93
-0.89
-0.83
-0.75
-0.66
-0.56
-0.45
-0.34
-0.23
-0.11
0.01
0.13
0.25
0.37
0.49
0.59
0.69
0.77
0.84
0.89
0.93
0.96
0.97
0.98
0.96
0.93
0.89
0.83
0.75
0.66
0.56
0.45
0.34
0.23
0.11
-0.01
-0.13
-0.25
-0.37
-0.49
-0.59
-0.69
-0.77
-0.84
-0.89
-0.93
-0.96
-0.97
-0.98
-0.96
-0.93
-0.89
-0.83
-0.75
-0.66
-0.56
-0.45
-0.34
-0.23
-0.11
0.01
0.13
0.25
0.37
0.49
0.59
0.69
0.77
0.84
0.89
0.93
0.96
0.97
0.98
0.96
0.93
0.89
0.83
0.75
0.66
0.56
0.45
0.34
0.23
0.11
-0.01
-0.13
-0.25
-0.37
-0.49
-0.59
-0.69
-0.77
-0.84
-0.89
-0.93
-0.96
-0.97
-0.98
-0.96
-0.93
-0.89
-0.83
-0.75
-0.66
-0.56
-0.45
-0.34
-0.23
-0.11
0.01
0.13
0.25
0.37
0.49
0.59
0.69
0.77
0.84
0.89
0.93
0.96
0.97
0.98
0.96
0.93
0.89
0.83
0.75
0.66
0.56
0.45
0.34
0.23
0.11
-0.01
-0.13
-0.25
-0.37
-0.49
-0.59
-0.69
-0.77
-0.84
-0.89
-0.93
-0.96
-0.97
-0.98
-0.96
-0.93
-0.89
-0.83
-0.75
-0.66
-0.56
-0.45
-0.34
-0.23
-0.11
0.01
0.13
0.25
0.37
0.49
0.59
0.69
0.77
0.84
0.89
0.93
0.96
0.97
0.98
0.96
0.93
0.89
0.83
0.75
0.66
0.56
0.45
0.34
0.23
0.11
-0.01
-0.13
-0.25
-0.37
-0.49
-0.59
-0.69
-0.77
-0.84
-0.89
-0.93
-0.96
-0.97
-0.98
-0.96
-0.93
-0.89
-0.83
-0.75
-0.66
-0.56
-0.45
-0.34
-0.23
-0.11
0.01
0.13
0.25
0.37
0.49
0.59
0.69
0.77
0.84
0.89
0.93
0.96
0.97
0.98
0.96
0.93
0.89
0.83
0.75
0.66
0.56
0.45
0.34
0.23
0.11
-0.01
-0.13
-0.25
-0.37
-0.49
-0.59
-0.69
-0.77
-0.84
-0.89
-0.93
-0.96
-0.97
-0.98
-0.96
-0.93
-0.89
-0.83
-0.75
-0.66
-0.56
-0.45
-0.34
-0.23
-0.11
0.01
0.13
0.25
0.37
0.49
0.59
0.69
0.77
0.84
0.89
0.93
0.96
0.97
0.98
0.96
0.93
0.89
0.83
0.75
0.66
0.56
0.45
0.34
0.23
0.11
-0.01
-0.13
-0.25
-0.37
-0.49
-0.60
-0.69
-0.77
-0.84
-0.89
-0.93
-0.96
-0.97
-0.98
-0.96
-0.93
-0.89
-0.83
-0.75
-0.66
-0.56
-0.45
-0.34
-0.23
-0.11
0.01
0.13
0.25
0.37
0.49
0.60
0.69
0.77
0.84
0.89
0.93
0.96
0.97
0.98
0.96
0.93
0.89
0.83
0.75
0.66
0.56
0.45
0.34
0.23
0.11
-0.01
-0.13
-0.25
-0.37
-0.49
-0.60
-0.69
-0.77
-0.84
-0.89
-0.93
-0.96
-0.97
-0.98
-0.96
-0.93
-0.89
-0.83
-0.75
-0.66
-0.56
-0.45
-0.34
-0.22
-0.11
0.01
0.13
0.25
0.37
0.49
0.60
0.69
0.77
0.84
0.89
0.93
0.96
0.97
0.98
0.96
0.93
0.89
0.83
0.75
0.66
0.56
0.45
0.34
0.22
0.11
-0.01
-0.13
-0.25
-0.37
-0.49
-0.60
-0.69
-0.77
-0.84
-0.89
-0.93
-0.96
-0.97
-0.98
-0.96
-0.93
-0.89
-0.83
-0.75
-0.66
-0.56
-0.45
-0.34
-0.22
-0.11
0.01
0.13
0.25
0.37
0.49
0.60
0.69
0.77
0.84
0.89
0.93
0.96
0.97
0.98
0.96
0.93
0.89
0.82
0.75
0.66
0.56
0.45
0.34
0.22
0.11
-0.01
-0.13
-0.26
-0.38
-0.49
-0.60
-0.69
-0.77
-0.84
-0.89
-0.93
-0.96
-0.97
-0.98
-0.96
-0.93
-0.89
-0.82
-0.75
-0.66
-0.56
-0.45
-0.34
-0.22
-0.11
0.01
0.13
0.26
0.38
0.49
0.60
0.69
0.77
0.84
0.89
0.93
0.96
0.97
0.98
0.96
0.93
0.89
0.82
0.75
0.66
0.56
0.45
0.34
0.22
0.11
-0.01
-0.13
-0.26
-0.38
-0.49
-0.60
-0.69
-0.77
-0.84
-0.89
-0.93
-0.96
-0.97
-0.98
-0.96
-0.93
-0.89
-0.82
-0.75
-0.66
-0.56
-0.45
-0.34
-0.22
-0.11
0.01
0.13
0.26
0.38
0.49
0.60
0.69
0.77
0.84
0.89
0.93
0.96
0.97
0.98
0.96
0.93
0.89
0.82
0.75
0.66
0.56
0.45
0.34
0.22
0.11
-0.01
-0.13
-0.26
-0.38
-0.49
-0.60
-0.69
-0.77
-0.84
-0.89
-0.93
-0.96
-0.97
-0.98
-0.96
-0.93
-0.89
-0.82
-0.75
-0.66
-0.56
-0.45
-0.34
-0.22
-0.11
0.01
0.14
0.26
0.38
0.49
0.60
0.69
0.77
0.84
0.89
0.93
0.96
0.97
0.98
0.96
0.93
0.89
0.82
0.75
0.66
0.56
0.45
0.34
0.22
0.11
-0.01
-0.14
-0.26
-0.38
-0.49
-0.60
-0.69
-0.77
-0.84
-0.89
-0.93
-0.96
-0.97
-0.98
-0.96
-0.93
-0.89
-0.82
-0.75
-0.66
-0.56
-0.45
-0.34
-0.22
-0.10
0.01
0.14
0.26
0.38
0.49
0.60
0.69
0.77
0.84
0.89
0.93
0.96
0.97
0.98
0.96
0.93
0.89
0.82
0.75
0.65
0.55
0.45
0.34
0.22
0.10
-0.01
-0.14
-0.26
-0.38
-0.49
-0.60
-0.69
-0.77
-0.84
-0.89
-0.93
-0.96
-0.97
-0.98
-0.96
-0.93
-0.89
-0.82
-0.75
-0.65
-0.55
-0.45
-0.34
-0.22
-0.10
0.02
0.14
0.26
0.38
0.49
0.60
0.69
0.78
0.84
0.89
0.93
0.96
0.97
0.98
0.96
0.93
0.89
0.82
0.75
0.65
0.55
0.45
0.34
0.22
0.10
-0.02
-0.14
-0.26
-0.38
-0.49
-0.60
-0.69
-0.78
-0.84
-0.89
-0.93
-0.96
-0.97
-0.98
-0.96
-0.93
-0.89
-0.82
-0.74
-0.65
-0.55
-0.45
-0.34
-0.22
-0.10
0.02
0.14
0.26
0.38
0.49
0.60
0.69
0.78
0.84
0.89
0.93
0.96
0.97
0.98
0.96
0.93
0.89
0.82
0.74
0.65
0.55
0.45
0.34
0.22
0.10
-0.02
-0.14
-0.26
-0.38
-0.49
-0.60
-0.69
-0.78
-0.84
-0.90
-0.93
-0.96
-0.97
-0.98
-0.96
-0.93
-0.89
-0.82
-0.74
-0.65
-0.55
-0.45
-0.33
-0.22
-0.10
0.02
0.14
0.26
0.38
0.49
0.60
0.69
0.78
0.84
0.90
0.93
0.96
0.97
0.98
0.96
0.93
0.89
0.82
0.74
0.65
0.55
0.45
0.33
0.22
0.10
-0.02
-0.14
-0.26
-0.38
-0.49
-0.60
-0.69
-0.78
-0.84
-0.90
-0.93
-0.96
-0.97
-0.98
-0.96
-0.93
-0.89
-0.82
-0.74
-0.65
-0.55
-0.45
-0.33
-0.22
-0.10
0.02
0.14
0.26
0.38
0.49
0.60
0.70
0.78
0.84
0.90
0.93
0.96
0.97
0.98
0.96
0.93
0.89
0.82
0.74
0.65
0.55
0.45
0.33
0.22
0.10
-0.02
-0.14
-0.26
-0.38
-0.49
-0.60
-0.70
-0.78
-0.84
-0.90
-0.93
-0.96
-0.97
-0.98
-0.96
-0.93
-0.88
-0.82
-0.74
-0.65
-0.55
-0.45
-0.33
-0.22
-0.10
0.02
0.14
0.26
0.38
0.49
0.60
0.70
0.78
0.84
0.90
